樊子瑜 0 0 0
 0 0 0
樊子瑜 10 10 10
樊子瑜 10 10 10
樊子瑜 1 2 3
 0 0 0
樊子瑜 0 0 0
樊子瑜 0 0 0
樊子瑜 0 0 0
樊子瑜 0 0 0
樊子瑜 0 0 0
樊子瑜 0 0 0
樊子瑜 0 0 0
 0 0 0
 0 0 0
 0 0 0
 0 0 0
 0 0 0
 0 0 0
 0 0 0
 0 0 0
 0 0 0
 0 0 0
 0 0 0
 0 0 0
 0 0 0
 0 0 0
 0 0 0
 0 0 0
1 0 0 0
1 0 0 0
1 0 0 0
1 0 0 0
1 0 0 0
1 0 0 0
1 0 0 0
1 0 0 0
1 0 0 0
1 0 0 0
1 0 0 0
1 0 0 0
1 0 0 0
1 0 0 0
1 0 0 0
1 0 0 0
1 0 0 0
1 0 0 0
1 0 0 0
11 0 0 0
11 0 0 0
11 0 0 0
11 0 0 0
11 0 0 0
11 0 0 0
11 0 0 0
11 0 0 0
11 0 0 0
 0 0 0
 0 0 0
 0 0 0
 0 0 0
 0 0 0
 0 0 0
 0 0 0
 0 0 0
 0 0 0
 0 0 0
 0 0 0
 0 0 0
 0 0 0
 0 0 0
 0 0 0
 0 0 0
 0 0 0
 0 0 0
 0 0 0
 0 0 0
 0 0 0
 0 0 0
 0 0 0
 0 0 0
 0 0 0
 0 0 0
 0 0 0
 0 0 0
 0 0 0
 0 0 0
 0 0 0
