10100111110011110011111010111110101111101001010111
10101111011011010111111011011101110011111101111111
11111110001011110110111100010111101101110111110011
11111011010000100010111001111011011111111101011111
01111100111110011111101111010111101111111100010111
10110111011111001111111011010111010111110111111101
11101011100111110011011111111000101111011011101111
10011111110110011101011111011111110111101011100111
11001101011111011111010010100011111111100010111101
10111011111001111111011010111110111111110001101111
10111110011111001111110111111110111011111010111011
11101001010001101111001111010111001111111111111100
01011110110111011111001111111011010111110111111110
00110111110111110011111001111110111111110111011111
01011100111001111111000110010011101101111011111010
11111011111111000111111111000101111011011101111100
11111110110101110101111101111111011110101110011111
01011111011111001111100111111011010111110101111101
11111110001111111110001011110110111011111001111111
01100111010111110111111101111010111001111101011111
01111100111110011111111010101001111100111100111110
10111110101111110101110101111101001010111101011110
11011010111111011011111111001111100111111100101011
11010111101101101011111101101110111001111110111111
11111111000101111011011110001110111100001000101110
01111011011111111101011100111111101111010001011010
00010001011100111101101111111110011100111101111110
11111111000111010101111101011111011111111000111111
11100011110011011111010101110101111101111111011110
10111001111101011100111111101111010001101111101011
11101111111100011111111100011110011011111010011101
01111101111111011110101110011111001110011110111111
0111111110001